0|多级菜单|0|0|
1|北京|0|1|
1|北京|1|0|
2|四川|0|2|
2|四川|1|0|
3|四级菜单测试|0|3|
3|四级菜单测试|1|0|
5|六级菜单测试|0|5|
5|六级菜单测试|1|0|
6|成都|0|6|
6|成都|1|2|
7|绵阳|0|7|
7|绵阳|1|2|
8|德阳|0|8|
8|德阳|1|2|
9|阿坝|0|9|
9|阿坝|1|2|
10|东城|0|10|
10|东城|1|1|
11|朝阳|0|11|
11|朝阳|1|1|
12|昌平|0|12|
12|昌平|1|1|
13|安定门街道|0|13|
13|安定门街道|1|10|
13|安定门街道|2|1|
14|东华门街道|0|14|
14|东华门街道|1|10|
14|东华门街道|2|1|
17|管庄地区|0|17|
17|管庄地区|1|11|
17|管庄地区|2|1|
18|南磨房地区|0|18|
18|南磨房地区|1|11|
18|南磨房地区|2|1|
19|三里屯街道|0|19|
19|三里屯街道|1|11|
19|三里屯街道|2|1|
20|城北街道|0|20|
20|城北街道|1|12|
20|城北街道|2|1|
23|昌平镇|0|23|
23|昌平镇|1|12|
23|昌平镇|2|1|
24|都江堰|0|24|
24|都江堰|1|6|
24|都江堰|2|2|
25|成华区|0|25|
25|成华区|1|6|
25|成华区|2|2|
28|三台|0|28|
28|三台|1|7|
28|三台|2|2|
29|四级第二级菜单|0|29|
29|四级第二级菜单|1|3|
30|四级第三级菜单|0|30|
30|四级第三级菜单|1|29|
30|四级第三级菜单|2|3|
31|四级第四级|0|31|
31|四级第四级|1|30|
31|四级第四级|2|29|
31|四级第四级|3|3|
32|六级第二级菜单|0|32|
32|六级第二级菜单|1|5|
33|六级第三级菜单|0|33|
33|六级第三级菜单|1|32|
33|六级第三级菜单|2|5|
34|六级第四级菜单|0|34|
34|六级第四级菜单|1|33|
34|六级第四级菜单|2|32|
34|六级第四级菜单|3|5|
35|六级第五级菜单|0|35|
35|六级第五级菜单|1|34|
35|六级第五级菜单|2|33|
35|六级第五级菜单|3|32|
35|六级第五级菜单|4|5|
36|六级第6级|0|36|
36|六级第6级|1|35|
36|六级第6级|2|34|
36|六级第6级|3|33|
36|六级第6级|4|32|
36|六级第6级|5|5|